4294967294,5
136,4
136,5
4294967278,132
4294967278,131
4294967278,130
4294967278,129
4294967278,128
4294967278,127
4294967278,126
4294967278,125
4294967278,124
4294967278,123
4294967278,122
4294967278,121
4294967278,120
4294967278,119
4294967278,118
4294967278,117
4294967278,116
4294967278,115
4294967278,114
4294967278,113
4294967278,112
4294967278,111
4294967278,110
4294967278,109
4294967278,108
4294967278,107
4294967278,106
4294967278,105
4294967278,104
4294967278,103
4294967278,102
4294967278,101
4294967278,100
4294967278,99
4294967278,98
4294967278,97
4294967278,96
4294967278,95
4294967278,94
4294967278,93
4294967278,92
4294967278,91
4294967278,90
4294967278,89
4294967278,87
4294967278,86
4294967278,85
4294967278,84
4294967278,83
4294967278,82
4294967278,81
4294967278,80
4294967278,79
4294967278,78
4294967278,77
4294967278,76
4294967278,75
4294967278,74
4294967278,73
4294967278,72
4294967278,71
4294967278,70
4294967278,69
4294967278,68
4294967278,67
4294967278,66
4294967278,65
4294967278,64
4294967278,63
4294967278,62
4294967278,61
4294967279,83
4294967279,82
4294967279,81
4294967279,79
4294967279,77
4294967279,75
4294967279,72
4294967279,70
4294967279,67
4294967279,64
4294967279,60
4294967279,59
4294967279,57
4294967279,54
4294967279,48
4294967279,45
4294967279,43
4294967279,41
4294967279,38
4294967279,35
4294967279,34
4294967279,33
4294967279,29
4294967279,26
4294967279,24
4294967279,23
4294967279,22
4294967279,21
4294967279,14
4294967279,13
4294967279,12
4294967279,10
4294967279,9
4294967279,8
4294967279,7
4294967279,6
4294967279,5
4294967279,4
4294967294,1416
4294967294,904
4294967294,186
4294967294,424
4294967294,96
4294967294,94
4294967294,93
4294967294,95
4294967294,22
4294967294,17
4294967294,67
4294967294,42
4294967294,1
4294967294,46
4294967294,0
4294967294,28
4294967294,91
4294967294,87
4294967294,85
4294967294,1414
4294967294,83
4294967294,419
4294967294,950
4294967294,29
4294967294,920
4294967294,27
4294967294,471
4294967294,25
4294967294,946
4294967294,26
4294967294,417
4294967294,44
4294967294,437
4294967294,82
4294967279,158
4294967279,562
0,5
4294967294,9
136,6
136,3
136,2
136,1
4294967294,1417
135,5
135,4
135,3
135,2
135,1
134,4
134,3
134,2
134,1
133,4
133,3
133,2
133,1
132,6
132,5
132,4
132,3
132,2
132,1
131,5
131,4
131,3
131,2
131,1
130,5
130,4
130,3
130,2
130,1
129,4
129,3
129,2
129,1
128,4
128,3
128,2
128,1
127,4
127,3
127,2
127,1
126,4
126,3
126,2
126,1
125,6
125,5
125,4
125,3
125,2
125,1
124,5
124,4
124,3
124,2
124,1
123,5
123,4
123,3
123,2
123,1
122,5
122,4
122,3
122,2
122,1
121,4
121,3
121,2
121,1
120,4
120,3
120,2
120,1
119,4
119,3
119,2
119,1
118,4
118,3
118,2
118,1
117,4
117,3
117,2
117,1
116,6
116,5
116,4
116,3
116,2
116,1
115,5
115,4
115,3
115,2
115,1
114,5
114,4
114,3
114,2
114,1
113,5
113,4
113,3
113,2
113,1
4294967278,389
112,4
112,3
112,2
112,1
111,4
111,3
111,2
111,1
110,4
110,3
110,2
110,1
4294967294,472
109,6
109,5
109,4
109,3
109,2
109,1
108,5
108,4
108,3
108,2
108,1
107,5
107,4
107,3
107,2
107,1
106,5
106,4
106,3
106,2
106,1
105,4
105,3
105,2
105,1
104,4
104,3
104,2
104,1
103,4
103,3
103,2
103,1
102,6
102,5
102,4
102,3
102,2
102,1
101,5
101,4
101,3
101,2
101,1
100,5
100,4
100,3
100,2
100,1
99,5
99,4
99,3
99,2
99,1
4294967279,330
98,4
98,3
98,2
98,1
97,4
97,3
97,2
97,1
4294967278,388
4294967278,387
4294967278,386
4294967279,329
4294967278,385
96,4
96,3
96,2
96,1
95,4
95,3
95,2
95,1
94,6
94,5
94,4
94,3
94,2
94,1
93,5
93,4
93,3
93,2
93,1
4294967279,328
92,5
92,4
92,3
92,2
92,1
91,5
91,4
91,3
91,2
91,1
4294967278,384
4294967279,327
4294967278,299
4294967279,326
90,4
90,3
90,2
90,1
89,4
89,3
89,2
89,1
88,6
88,5
88,4
88,3
88,2
88,1
4294967279,325
87,5
